1 24 13.50 4.50 3 210.00 525.00 538.50 0 1741478400
2 11 6.80 3.40 2 180.00 450.00 456.80 1 1741996800
3 35 9.00 3.00 3 160.00 400.00 409.00 0 1742342400
4 18 10.50 3.50 3 190.00 475.00 485.50 1 1743206400
5 92 8.40 2.80 3 170.00 425.00 433.40 0 1743638400
6 56 12.00 4.00 3 200.00 500.00 512.00 1 1743984000
7 77 7.20 3.60 2 150.00 375.00 382.20 0 1744243200
8 43 11.70 3.90 3 230.00 575.00 586.70 1 1744915200
9 64 9.60 4.80 2 140.00 350.00 359.60 0 1745520000
10 88 14.40 4.80 3 160.00 400.00 414.40 1 1746124800
